54.24999992675781
70.38999998779298
67.96000010986329
75.83999989013672
78.3699997680664
77.65999968261718
80.44999982910156
81.02999997558594
81.51999974365235
81.8000002319336
82.2500001586914
84.40999998779297
83.57000010986329
83.89999975585937
83.64999997558594
84.07999978027344
85.08999989013672
84.08000020751953
85.35000010986329
85.15999982910157
86.34999990234375
87.02999990234375
84.91000014648438
86.79
87.38000008544923
86.80000004882812
86.85000006103516
87.14
86.85000002441406
87.86999993896484
87.98999993896484
86.41999998779296
86.54000015869141
87.69999970703125
86.30999974365234
87.78999965820313
86.2499996459961
86.69999978027344
88.33000013427734
89.42999997558594
88.09999965820313
88.1300001586914
88.73999963378907
89.45999973144531
88.08
89.20999985351563
87.34999965820313
88.28999991455078
88.32000021972657
86.7299998046875
88.9200001953125
89.65000010986329
89.37999975585937
89.29999981689453
88.15999968261718
88.13000006103516
89.13000007324219
89.7000001953125
89.07999979248046
88.53000007324219
88.87999985351563
88.78999974365234
89.07000001220703
88.64999971923828
88.55000009765625
88.96000007324218
88.75999978027343
89.70000017089843
88.1499999633789
89.70000001220703
89.13999987792968
89.23000007324218
87.91999965820312
88.80999987792968
89.1900001586914
89.44999989013672
88.91999979248047
89.52999975585938
87.33000002441406
87.6600001586914
87.66000007324219
89.43999979248046
88.2599998413086
90.03999995117188
88.33999993896484
88.89999971923828
90.09999975585937
89.68000004882812
89.1500001953125
89.24000017089844
89.12000001220703
89.51000010986328
87.61999987792969
88.54000001220703
89.85999967041016
89.61999985351562
89.83999985351562
89.44999979248047
90.37999985351563
89.20000013427735
88.79999984130859
89.87000021972656
90.38999998779298
88.35999975585938
89.25999975585937
89.27000007324219
90.09000001220703
89.0000001586914
89.25999982910156
89.64000017089843
88.80999997558594
89.87999969482422
89.28999997558594
87.75999992675781
89.64999987792969
88.51999963378907
89.48999979248048
89.13000010986327
89.11999975585937
89.96000007324218
90.27999982910156
89.4499997680664
90.21000010986329
90.20000017089843
89.48999985351563
89.5700001586914
89.59000014648437
89.49999975585938
89.09
89.91999975585938
90.16000004882812
88.97999969482422
89.08999975585938
90.35999973144531
88.69999969482421
89.73999979248048
89.18999965820312
88.8499999633789
90.41999992675781
88.92000007324219
89.57999979248046
89.10999973144531
89.26999979248046
90.06999985351563
89.34000003662109
90.18000007324218
90.59000018310547
90.24999995117187
88.21000007324218
90.05000009765625
92.8299998046875
92.84999974365235
92.8899998413086
93.07999996337891
92.99999990234375
93.11999971923828
93.12999990234376
93.25000021972656
93.20999978027344
93.16999998779296
93.1999999633789
93.1300001586914
93.18000002441406
93.22000008544921
93.20999971923828
93.21999970703125
93.3199996826172
93.36000006103515
93.35999965820312
93.17000006103515
93.40999984130859
93.36999974365234
93.51999990234376
93.49000018310547
93.3699998413086
93.22999967041015
93.2400001586914
93.37999984130859
93.37999984130859
93.49000021972657
93.40999984130859
93.43000014648437
93.50000018310547
93.46000021972657
93.3699999633789
93.38
93.34000009765624
93.42000015869141
93.4000000366211
93.42999967041015
93.36999990234375
93.35999993896485
93.3799999633789
93.40000002441407
93.36999993896484
93.44000021972656
93.44999964599609
93.40999984130859
93.49000021972657
93.37999974365235
93.40999996337891
93.41999990234375
93.34999984130859
93.48
93.45000015869141
93.49999974365234
93.57000008544922
93.53000018310547
93.59000018310547
93.47999993896484
93.55999971923828
93.4999998046875
93.43
93.4299996826172
93.47999993896484
93.49999990234375
93.59000002441407
93.4599996826172
93.44999968261719
93.45000018310547
93.49999974365234
93.56999978027343
93.5000001586914
93.41999990234375
93.48999978027344
93.49999968261719
93.5200001953125
93.4599998046875
93.47999987792969
93.51999970703125
93.43999990234374
93.4499998413086
93.55000009765625
93.49999993896485
93.5500000366211
93.46999974365234
93.46999984130859
93.4799998413086
93.48000021972656
93.47999993896484
93.42999971923828
93.33999986572266
93.41000012207031
93.54999993896485
93.5399998413086
93.48999998779297
93.56000015869141
93.53
93.4099999267578
93.55999987792968
93.41999968261719
93.44999990234375
93.44999971923828
93.44999990234375
93.43999971923829
93.43000014648437
93.41999990234375
93.44000021972656
93.36999978027343
93.4799998413086
93.48999981689452
93.4400001586914
93.46999968261719
93.40999993896484
93.44999990234375
93.4199996459961
93.39000015869141
93.44000021972656
93.46
93.51
93.4400001586914
93.48999984130859
93.46999990234374
93.42999990234375
93.42000015869141
93.50999978027343
93.51000006103516
93.41999978027344
93.46999971923829
93.45999993896484
93.52999968261719
93.48999971923828
93.42000021972656
93.44999990234375
93.4299996826172
93.45000018310547
93.41999974365234
93.41999978027344
93.46000008544922
93.37000012207031
93.4599996826172
93.4499998046875
93.40000002441407
93.42999986572265
93.45000021972656
93.48999987792969
93.3899998046875
93.3899998046875
93.52000006103516
93.40999996337891
